UNITS MM,10000;
EDIT proj;
ADD P1 :W0.000000  0.3175,0.0000 -0.3175,0.0000 -0.3175,-1.2700 0.3175,-1.2700;
ADD P1 :W0.000000  0.3175,0.0000 0.3175,2.5400 -0.3175,2.5400 -0.3175,0.0000;
ADD P1 :W0.000000  4.7625,2.5400 4.7625,2.5399 5.3975,2.5399 5.3975,2.5400 5.3866,2.7890 5.3541,3.0362 5.3001,3.2796 5.2252,3.5173 5.1298,3.7476 5.0147,3.9687 4.8807,4.1790 4.7290,4.3768 4.5606,4.5606 4.3768,4.7290 4.1790,4.8807 3.9687,5.0147 3.7476,5.1298 3.5173,5.2252 3.2796,5.3001 3.0362,5.3541 2.7890,5.3866 2.5400,5.3975 2.2910,5.3866 2.0438,5.3541 1.8004,5.3001 1.5627,5.2252 1.3324,5.1298 1.1112,5.0147 0.9010,4.8807 0.7032,4.7290 0.5194,4.5606 0.3510,4.3768 0.1993,4.1790 0.0653,3.9687 -0.0498,3.7476 -0.1452,3.5173 -0.2201,3.2796 -0.2741,3.0362 -0.3066,2.7890 -0.3175,2.5400 -0.3175,2.5399 0.3175,2.5399 0.3175,2.5400 0.3260,2.7337 0.3513,2.9259 0.3932,3.1152 0.4515,3.3001 0.5257,3.4793 0.6153,3.6513 0.7194,3.8148 0.8375,3.9686 0.9685,4.1115 1.1114,4.2425 1.2652,4.3606 1.4287,4.4647 1.6007,4.5543 1.7799,4.6285 1.9648,4.6868 2.1541,4.7287 2.3463,4.7540 2.5400,4.7625 2.7337,4.7540 2.9259,4.7287 3.1152,4.6868 3.3001,4.6285 3.4793,4.5543 3.6512,4.4647 3.8148,4.3606 3.9686,4.2425 4.1115,4.1115 4.2425,3.9686 4.3606,3.8148 4.4647,3.6513 4.5543,3.4793 4.6285,3.3001 4.6868,3.1152 4.7287,2.9259 4.7540,2.7337;
ADD P1 :W0.000000  4.7625,1.2700 5.3975,1.2700 5.3975,2.5400 4.7625,2.5400;
ADD P1 :W0.000000  5.3975,2.2225 5.3974,2.2225 5.3974,1.5875 5.3975,1.5875 5.6466,1.5984 5.8937,1.6309 6.1371,1.6848 6.3748,1.7598 6.6052,1.8552 6.8263,1.9703 7.0365,2.1042 7.2343,2.2560 7.4181,2.4244 7.4182,2.4245 6.9691,2.8736 6.9690,2.8735 6.8261,2.7425 6.6722,2.6245 6.5087,2.5203 6.3367,2.4308 6.1576,2.3566 5.9727,2.2983 5.7834,2.2564 5.5912,2.2311 5.3975,2.2226;
ADD P1 :W0.000000  -2.8575,-0.9525 -0.3175,-0.9525 -0.3175,-0.3175 -2.8575,-0.3175;
ADD P1 :W0.000000  -0.3175,-1.2700 -0.3175,-3.8100 0.3175,-3.8100 0.3175,-1.2700;
ADD P1 :W0.000000  0.3175,-3.8100 0.3175,-3.8099 -0.3175,-3.8099 -0.3175,-3.8100 -0.3066,-4.0590 -0.2741,-4.3062 -0.2201,-4.5496 -0.1452,-4.7873 -0.0498,-5.0176 0.0653,-5.2387 0.1993,-5.4490 0.3510,-5.6468 0.5194,-5.8306 0.7032,-5.9990 0.9010,-6.1507 1.1113,-6.2847 1.3324,-6.3998 1.5627,-6.4952 1.8004,-6.5701 2.0438,-6.6241 2.2910,-6.6566 2.5400,-6.6675 2.7890,-6.6566 3.0362,-6.6241 3.2796,-6.5701 3.5173,-6.4952 3.7476,-6.3998 3.9688,-6.2847 4.1790,-6.1507 4.3768,-5.9990 4.5606,-5.8306 4.7290,-5.6468 4.8807,-5.4490 5.0147,-5.2387 5.1298,-5.0176 5.2252,-4.7873 5.3001,-4.5496 5.3541,-4.3062 5.3866,-4.0590 5.3975,-3.8100 5.3975,-3.8099 4.7625,-3.8099 4.7625,-3.8100 4.7540,-4.0037 4.7287,-4.1959 4.6868,-4.3852 4.6285,-4.5701 4.5543,-4.7493 4.4647,-4.9213 4.3606,-5.0848 4.2425,-5.2386 4.1115,-5.3815 3.9686,-5.5125 3.8148,-5.6306 3.6513,-5.7347 3.4793,-5.8243 3.3001,-5.8985 3.1152,-5.9568 2.9259,-5.9987 2.7337,-6.0240 2.5400,-6.0325 2.3463,-6.0240 2.1541,-5.9987 1.9648,-5.9568 1.7799,-5.8985 1.6007,-5.8243 1.4288,-5.7347 1.2652,-5.6306 1.1114,-5.5125 0.9685,-5.3815 0.8375,-5.2386 0.7194,-5.0848 0.6153,-4.9213 0.5257,-4.7493 0.4515,-4.5701 0.3932,-4.3852 0.3513,-4.1959 0.3260,-4.0037;
ADD P1 :W0.000000  4.7625,-3.8100 5.3975,-3.8100 5.3975,-2.5400 4.7625,-2.5400;
ADD P1 :W0.000000  6.9691,-4.1435 6.9692,-4.1436 7.4182,-3.6946 7.4181,-3.6945 7.2343,-3.5261 7.0365,-3.3743 6.8263,-3.2404 6.6052,-3.1253 6.3748,-3.0298 6.1371,-2.9549 5.8937,-2.9009 5.6466,-2.8684 5.3975,-2.8575 5.3974,-2.8575 5.3974,-3.4926 5.3975,-3.4926 5.5912,-3.5011 5.7834,-3.5264 5.9727,-3.5683 6.1576,-3.6267 6.3367,-3.7009 6.5087,-3.7904 6.6722,-3.8946 6.8261,-4.0126 6.9690,-4.1436;
SAVE;
