UNITS MM,10000;
EDIT proj;
ADD P1 :W0.000000  0.0000,-0.6910 0.0000,0.6910 -1.0010,0.2763 -0.0236,-0.7009 -0.0139,-0.6910;
ADD P1 :W0.000000  0.0000,1.0150 7.4500,1.0150 7.4500,2.3080 0.0000,2.3080;
ADD P1 :W0.000000  0.0000,-0.6020 7.4500,-0.6020 7.4500,0.6910 0.0000,0.6910;
ADD P1 :W0.000000  -0.0237,2.4068 -1.0009,1.4296 0.0001,1.0150 0.0000,2.3971 -0.0139,2.3970;
ADD P1 :W0.000000  -2.7689,3.1974 -1.7915,4.1748 -0.0236,2.4068 -1.0009,1.4295;
ADD P1 :W0.000000  7.4500,2.3970 7.4500,1.0150 8.4510,1.4297 7.4736,2.4069 7.4639,2.3970;
ADD P1 :W0.000000  9.2415,4.1748 10.2189,3.1974 8.4509,1.4295 7.4736,2.4068;
ADD P1 :W0.000000  7.4737,-0.7008 8.4509,0.2764 7.4499,0.6910 7.4500,-0.6911 7.4639,-0.6910;
ADD P1 :W0.000000  7.4735,-0.7008 8.4509,0.2766 10.2188,-1.4914 9.2415,-2.4687;
ADD P1 :W0.000000  -1.0009,0.2766 -0.0235,-0.7008 -1.7915,-2.4687 -2.7688,-1.4914;
SAVE;
