UNITS MM,10000;
EDIT proj;
ADD P1 :W0.000000  0.0000,0.3175 2.5400,0.3175 2.5400,-0.3175 0.0000,-0.3175;
ADD P1 :W0.000000  0.0000,-0.3175 0.0000,0.3175 -1.2700,0.3175 -1.2700,-0.3175;
ADD P1 :W0.000000  -0.9525,2.8575 -0.9525,0.3175 -0.3175,0.3175 -0.3175,2.8575;
ADD P1 :W0.000000  -1.2700,3.4925 -1.2700,2.8575 0.0000,2.8575 0.0000,3.4925;
ADD P1 :W0.000000  -3.8100,2.8575 -1.2700,2.8575 -1.2700,3.4925 -3.8100,3.4925;
ADD P1 :W0.000000  -5.0800,3.4925 -5.0800,2.8575 -3.8100,2.8575 -3.8100,3.4925;
ADD P1 :W0.000000  -7.6200,2.8575 -5.0800,2.8575 -5.0800,3.4925 -7.6200,3.4925;
ADD P1 :W0.000000  -4.7625,2.8575 -4.7625,0.3175 -4.1275,0.3175 -4.1275,2.8575;
ADD P1 :W0.000000  -3.8100,-0.3175 -3.8100,0.3175 -5.0800,0.3175 -5.0800,-0.3175;
ADD P1 :W0.000000  -3.8100,-0.3175 -1.2700,-0.3175 -1.2700,0.3175 -3.8100,0.3175;
ADD P1 :W0.000000  -7.6200,0.3175 -5.0800,0.3175 -5.0800,-0.3175 -7.6200,-0.3175;
ADD P1 :W0.000000  0.0000,3.4925 2.5400,3.4925 2.5400,2.8575 0.0000,2.8575;
SAVE;
