UNITS MM,10000;
EDIT proj;
ADD P1 :W0.000000  0.0000,-0.6915 2.5000,-0.6915 2.5000,0.6915 0.0000,0.6915;
ADD P1 :W0.000000  3.2560,0.6915 2.5000,0.6915 2.5000,-0.6915 3.2560,-0.6915;
ADD P1 :W0.000000  6.0745,5.5535 6.0745,5.5535 5.6988,6.2096 5.6987,6.2095 5.2283,5.9120 4.7857,5.5745 4.3743,5.1996 3.9973,4.7902 3.6575,4.3494 3.3575,3.8805 3.0998,3.3872 2.8861,2.8733 2.7182,2.3426 2.5973,1.7993 2.5245,1.2476 2.5001,0.6915 2.5000,0.6914 3.2560,0.6914 3.2561,0.6915 3.2776,1.1814 3.3418,1.6676 3.4483,2.1464 3.5962,2.6139 3.7845,3.0668 4.0116,3.5014 4.2759,3.9145 4.5753,4.3030 4.9075,4.6637 5.2700,4.9940 5.6600,5.2914;
ADD P1 :W0.000000  7.2746,6.2408 6.8988,6.8968 5.6987,6.2095 6.0744,5.5535;
ADD P1 :W0.000000  12.8605,6.2310 12.8606,6.2310 13.2386,6.8857 13.2385,6.8858 12.7025,7.1622 12.1427,7.3867 11.5641,7.5570 10.9720,7.6718 10.3717,7.7300 9.7686,7.7311 9.1681,7.6750 8.5756,7.5622 7.9965,7.3939 7.4359,7.1714 6.8989,6.8968 6.8988,6.8968 7.2745,6.2408 7.2746,6.2408 7.7477,6.4827 8.2417,6.6787 8.7520,6.8271 9.2740,6.9264 9.8031,6.9758 10.3346,6.9749 10.8635,6.9236 11.3852,6.8225 11.8950,6.6723 12.3882,6.4746;
ADD P1 :W0.000000  14.0582,5.5395 14.4362,6.1943 13.2385,6.8858 12.8605,6.2310;
ADD P1 :W0.000000  16.8596,0.6873 16.8596,0.6872 17.6156,0.6872 17.6156,0.6873 17.5914,1.2415 17.5190,1.7915 17.3989,2.3331 17.2321,2.8622 17.0198,3.3747 16.7636,3.8668 16.4656,4.3346 16.1279,4.7747 15.7531,5.1837 15.3441,5.5585 14.9040,5.8962 14.4361,6.1943 14.0581,5.5396 14.0582,5.5395 14.4704,5.2769 14.8582,4.9793 15.2186,4.6491 15.5488,4.2887 15.8464,3.9009 16.1090,3.4887 16.3347,3.0551 16.5217,2.6035 16.6687,2.1373 16.7745,1.6601 16.8383,1.1755 16.8596,0.6872;
ADD P1 :W0.000000  16.8596,-0.6957 17.6156,-0.6957 17.6156,0.6873 16.8596,0.6873;
ADD P1 :W0.000000  14.0581,-5.5479 14.0580,-5.5480 14.4360,-6.2027 14.4361,-6.2027 14.9040,-5.9046 15.3441,-5.5669 15.7531,-5.1921 16.1279,-4.7831 16.4656,-4.3430 16.7637,-3.8751 17.0198,-3.3830 17.2321,-2.8705 17.3989,-2.3414 17.5190,-1.7998 17.5914,-1.2498 17.6156,-0.6956 16.8596,-0.6956 16.8595,-0.6958 16.8382,-1.1841 16.7744,-1.6687 16.6686,-2.1459 16.5216,-2.6121 16.3345,-3.0637 16.1088,-3.4972 15.8462,-3.9095 15.5486,-4.2972 15.2184,-4.6576 14.8580,-4.9878 14.4702,-5.2854 14.0580,-5.5480;
ADD P1 :W0.000000  13.2384,-6.8943 12.8603,-6.2394 14.0581,-5.5478 14.4362,-6.2027;
ADD P1 :W0.000000  7.2745,-6.2492 7.2744,-6.2491 6.8987,-6.9052 6.8987,-6.9052 7.4357,-7.1798 7.9963,-7.4023 8.5754,-7.5706 9.1679,-7.6834 9.7684,-7.7395 10.3715,-7.7384 10.9718,-7.6802 11.5639,-7.5654 12.1425,-7.3951 12.7023,-7.1706 13.2383,-6.8942 13.2385,-6.8941 12.8605,-6.2394 12.8603,-6.2394 12.3880,-6.4830 11.8948,-6.6807 11.3850,-6.8308 10.8633,-6.9320 10.3344,-6.9833 9.8030,-6.9842 9.2739,-6.9348 8.7519,-6.8355 8.2416,-6.6871 7.7476,-6.4911;
ADD P1 :W0.000000  5.6985,-6.2180 6.0743,-5.5617 7.2746,-6.2492 6.8988,-6.9054;
ADD P1 :W0.000000  3.2560,-0.6999 3.2560,-0.6998 2.5000,-0.6998 2.5000,-0.6999 2.5244,-1.2560 2.5973,-1.8077 2.7181,-2.3511 2.8860,-2.8817 3.0997,-3.3957 3.3575,-3.8889 3.6574,-4.3578 3.9972,-4.7986 4.3743,-5.2081 4.7857,-5.5829 5.2283,-5.9204 5.6987,-6.2179 5.6988,-6.2180 6.0745,-5.5620 6.0744,-5.5619 5.6599,-5.2998 5.2699,-5.0024 4.9074,-4.6721 4.5752,-4.3114 4.2758,-3.9229 4.0115,-3.5098 3.7844,-3.0752 3.5961,-2.6223 3.4482,-2.1548 3.3417,-1.6760 3.2775,-1.1898;
ADD P1 :W0.000000  17.6156,-0.6957 20.1156,-0.6957 20.1156,0.6873 17.6156,0.6873;
ADD P1 :W0.000000  14.4362,6.1941 13.2383,6.8857 14.4884,9.0510 15.6863,8.3594;
ADD P1 :W0.000000  4.4562,8.3790 5.6565,9.0664 6.8990,6.8968 5.6987,6.2094;
SAVE;
